766	767
74 39 100 335 805 871	1273
411	413
324	330	332
1 850	9 2 3 17	13	14	35 15 157	52	69	513
1017	1262
936	937	953	965	968	969	970	971
607 1080	608	617
2 1 189 810	19	27	36	161 136 144	487 952	491	539
316	345
534 1011	565
677 1298 1326	1105
674 1254 1261 1263	2405	675
1025	1027	1043	1051	1065
5 32	7 814	16
671	672 1253 1256 1295	673
781	863	782
162 171	171 156 223 230 236 338 426 427	179 173 185 329	200 337 418	214
301 400 409	312 724 772
414 615 617 621 622 628 653	417 619 620
892	893	898
11 69 105 265 527	49 47 62 84 104 358 415 910 914	30	31 41 54 58 94 98 324 357	41	43	44	60 657	87 417 906	110 91	116	190	521
942	984	948	977
97 67 77	1224	166
8	17 5 8 11 12 20	24	26	319	931	934
469 763 764 773 777 784 789 792	478 785	470	472 768 795 821 828 877	473
187 348	1492
894	928	895	896
687 1291	1050
164 164 187	181 190	169	174	484 803 807 809 811
1135	1136	1138
732	733
287 370 372 373 374 375 384 385 387 390 391 407 408 411 434 436 490 868 886 1156	290	289	292
350 574 599	354	366	371 548	378 601 608
601	602 1093
255	259 331 362 516 797	261 343 771
783	784
505 849	507	506 841
1177	1205
112 82	115
1120	1124
704	9229	719
71	78 50 121 194 1206	103	108	152
201 195 197 208 215 459 543 652	211 203 294 320	204	212 204 206 209 217 220 233 237 241 262 546 555
788	96329	792
795	867	808
307	308 477	320 441 517
760	762
667 1289 1323	900
309	327 446 470 478 501 513 607
398	406 611	399 587 589 593 598 632	400 588 590 591 633	401	407
624 1121 1124 1132	629 1129 1231 1233 1242
740	1144	747	748	757	759	816	1029	1030	1139	1140	1160	1169
793	813
234 292 295 296 301 305 867	510	509
326 442 461 485 491	328 483 519 520 521 522	333	335
392 564 565 568 569 570 571 572 579 585 586 667	1093	393 573 600 614 642	395	397	403 616	404	550 1056	871
381 704	449 740	382	383	384 553	386	389	396	458 748	1033	1034	1073	1087	1100	1152
1132	13930
57	134	66 34	76	348	352	700
847	1570	851	852
872	881
1116	8447
1146	1188	1170	1171
1113	1387	1126
656	657 1221	661 1223 1251	662	696
939	956	940	964
698	1472
1096	1097	1098	1104
1117	1119
907	924	908
918	929
311 430 431 432 448	325 452 695 707 714 720	313 1053 1067	848
951	952	961	979	988
443	445 859	444 696 703 854
941	945	1112
676 1264 1268 1269 1270 1277 1278 1279 1281 1283	679 1272 1274 1275 1282
726	727	728	729
419 624 631 637 638 640 643 646 647 648 649 651 655 658 659 660 661	421 654 656 663 664 758 766 902	424 662 669 730	431
1048	1052	1053	1056	1076	1103
1068	2280	1070	1072	1075
868	904	870
1037	1047	1038	1039	1044	1046	1061
861	865	869	877
680 1313 1316	681 1287 1302 1304 1317
806	933	818	836	873
1045	1055
113 86 87 88 99 103 129	130	256
136 110 111	183	143 244
155 132 137 139 155	163	202	217
150 302	151 128 131 152 160	246
623 1128 1134 1137 1149	644	633	635
423	429	425	426 901	428
886	888	891
618 1104 1136	685	621 1113
785	786	787	822
771	775
712	715	714
791	913
533	561 1255 1258 1259 1321 1322
720	770
761	763
600 1058 1069 1075 1076 1077 1079	825	610
20 10 18 172	40 16 19 22 28 49 606 618 623 625 634 678 723 1187	48	54 602 612 635	79 718 801	920	923
271	273 359	279	314
514 862	1101	515	516	522	527	555 1057 1061	1145
668 1241 1243 1244 1262 1324 1327	669 1246	1032	1084
362 506	915	363 559 567
1118	1122
368 525 580	374 529 530 554 558 575 582 597 650 691 1050 1083 1204	369 533 541 576
790	824
107 80 1081 1085	1159	114 92	586
375 535 551	376 539 542 745 884	379	385
67	72	137 315
529 918 1014	547
595 1041 1044 1046 1071	596 1038 1047 1049 1051	599 1063
51 25 31	109	62	64 43
693 1306 1312	694 1308 1309
741	743	745	914
573 1186 1201	579
1127	1128	1178
797	817	800	801	805
418 626	420 627 630 644	446
659	663 1232 1234 1236 1252
415 666 689 1276 1285	416 629 636 639 641 645
75	80 45 52	91	180
206 196 202 205 207 213 221 225 242 287 399 540 738 750	248	215 218 222 227 229 231 232	226 250 279 284 736 752
448 698 699 700	452	451	461
370 549	377 1164 1188	373 604	380	409	652	995	1063	1121
768	773	772
683	787667	684 1303
1147	1148
776	777
501 816 817 818 820 835 895 1169	1878	504 830 834 837 845 951	1180
612 1094 1095 1106	615 1099 1105	613 1100
686 1290 1294 1301 1305	691	690
978	981	982
756	1268	778	829
77	85	84
742	746	749	755	779	858
83	88 59	100 119	102 219	132 285	184	216 314	219 289 308 310	239	244	465
541 997 1015 1023	611	572 1090
432	670	433 1248 1250
574 1013 1203	878	875
944	950	947
955	958
228 254 256 488	65871	232 492
1069	1074
240	1688	241 297 298 299 306 327	242	243 328 334	245	422	427
462 726 728 729	463 737 1024 1070	794
58 1202	70	63 27
523	526 903 907 909 912 954 985
799	821	807
575 1082	830
519 875 957 988 990 992 995 996 998 1001 1003	597 1092 1097	606	833
707	789
632 1142 1144	1245
540 955	832	542	556 983	590
434 836	437 671 673 674 676 677 679 693 866 869 1189	648 1192 1198
1125	1161	1134
405 609 610 848 872 887 896 915	408	412
604 1112	605 1072 1074
460 716 719 731 741 759 788	467 774 778	468 746 762 780	474
336 566	338 480 481	340 466	343
524	1206
213	498 855 885 923	221	222	223 355 381 500	225 245 249 259 290 812	500	558	1035
237 286 322	238 291 346	302 429
1133	1168	1151	1154	1158	1166
486 802 806 844 847	495 861 865	508 846
593 1039 1040 1045 1055 1066 1205	682
303 413 416	310 439 445 451 455 504 507	321
1026	1028
1079	1083	1081	1174	1175
227 264 266	231 263 283 410	230 261 269	236
750	754	752	753
438 681 685	439 680 682 684 686 687 761 804	482 899 900
518 889 891 898 922	27734	902
957	960	966
1130	1137	1131
128 116 126 170 192 243 257 692	1163
139 108	176 176 179 180	145 113	146 115 120 122 135 142 191
297	315	353	372
614 1111 1130	616 1109 1110 1118 1133 1139 1145
949	963
544 960 962	545	546	564 1002	1031
154	168 151 161 162 168 309	156	157 145 595	159 141 149 150 158 166 169 596	160	167 148 163 177	173 175	178	188	224	235 332 545	692	899
135 107 109 117 460 469 982	138 323 458 754 799 989 1000 1068	140 581 583	141 123 125 584 1184	144	351 770	560
196	229	197	306
664	665	769
764	765	774
640 1172 1182 1196	820	641 1175 1199	823	838
709	6842	710	711
1066	1071
329 453 457 467 487	483	331	337	342	344	357	997
645	647	646
639 1165 1170 1171 1178 1179 1180 1185 1200 1208 1209 1220 1224 1225 1230	1106
59 23 30 38	65	68	932
283 424 1027 1073 1114	293 402 403 450 454	294 412 420	296	304 425
98	106	117
655	658	660
636 1163 1190	919
1057	1165	1157
185 188 344	193	195
194 201 363	199	247 319 325 443
577 1020 1021 1062 1086	1760	587 1087 1091	592
721	722	731
101 72 73 75 89 688	105	104
1091	1095	1092	1111
387 556	388 560 561	394
603	634	702
716	718	717	723
735	739	737	738	744	751	876
1108	1114	1115
18 14 24 57 60 63 64 66	93
120	122 97 143 147 178 239 398 404 1292	149 181	170	299
29	1572	38	47	55	205 200 216	209	274	905	906
571 1008	578 1089	576 1006 1007 1009 1010
22	53	42 13 33 37 78 112 114 383	89	887
842	864	844	845	846	862
1183	1184	1185
440	441	442 751 753
1181	1182
6	281	15
1099	1110	1102	1107
619 1107	620 1108
477	479 791 793 794 796 838
855	860	856	857	910	930	1123
530 916 919 973	562
118 974	125	127 101 369 943 956	129	148	175	517	890
